50
Aachen 249070 50,77524 6,08407
Aldenhoven 13893 50,89519 6,28286
Alsdorf 47678 50,87226 6,16142
BadMuenstereifel 17152 50,55842 6,75968
Baesweiler 27351 50,90543 6,18393
Bedburg 23867 50,99068 6,56950
Bergheim 61807 50,94598 6,65619
Blankenheim 8337 50,43924 6,64562
Bruehl 43998 50,82725 6,90034
Dahlem 4361 50,38749 6,54771
Dueren 91814 50,79944 6,47822
Elsdorf 21745 50,93993 6,56514
Erftstadt 49667 50,79494 6,77250
Erkelenz 43492 51,07922 6,31526
Eschweiler 55784 50,81128 6,26343
Euskirchen 58754 50,65971 6,78692
Frechen 52155 50,91345 6,81371
Geilenkirchen 27836 50,96858 6,11398
Heimbach 4262 50,63297 6,48702
Hellenthal 7827 50,49407 6,43249
Herzogenrath 46290 50,86584 6,09360
Hueckelhoven 40712 51,05365 6,22000
Huertgenwald 8798 50,71207 6,38235
Huerth 60034 50,88186 6,88711
Inden 7418 50,84673 6,35433
Juelich 32635 50,92280 6,36285
Kall 10987 50,54299 6,55889
Kerpen 66294 50,87568 6,68772
Kreuzau 17463 50,74618 6,48966
Langerwehe 14050 50,81541 6,36337
Linnich 12835 50,97716 6,26775
Mechernich 28327 50,59182 6,64886
Merzenich 10149 50,82889 6,52508
Monschau 11645 50,55714 6,23716
Nettersheim 7801 50,49168 6,62839
Nideggen 10204 50,69245 6,48266
Niederzier 14180 50,87735 6,46949
Noervenich 10816 50,80617 6,64233
Pulheim 54805 51,00019 6,80740
Roetgen 8658 50,64752 6,19917
Schleiden 12956 50,52961 6,47367
Simmerath 15614 50,60520 6,29652
Stolberg 56103 50,77417 6,22056
Titz 8569 51,00491 6,42479
UebachPalenberg 23979 50,91937 6,12055
Vettweiß 9685 50,73858 6,59758
Weilerswist 17602 50,75375 6,83913
Wesseling 37519 50,82573 6,97403
Wuerselen 38480 50,82129 6,13650
Zuelpich 20597 50,69593 6,65616