813027  482391  462102  952645  500582  719382  772929  1226189  953957  1295908  649200  687710  790148  935338  354143  805070  850381  910671  754833  1160447  733801  960012  683503  950764  525353  618630  987193  731338  703806  537090  688394  850682  649200  1213841  1086720  733365  620676  726838  943168  922579  1033200  922579  385655  761013  786331  759473  812897  964944  337256  782092  
1143664  813027  1073351  1204340  1124659  957348  964944  1362314  1005357  1438032  732125  850381  942496  1454610  722802  1031915  975093  1443746  1142991  1380971  1116316  1492611  918631  1020705  612820  719382  1240102  812897  805967  636687  1413939  1160447  754833  1389775  1248760  922579  759473  796272  1049840  1140705  1324969  1345025  916900  1032973  1124659  814625  970108  1015042  1007425  876432  
1163953  552704  813027  1086720  862697  823027  821931  1258964  959745  1362314  724796  731338  805070  1098223  580185  952645  953957  1468632  867774  1240102  1292215  1246034  755992  959745  613826  633632  1099494  782321  732125  571616  935338  978395  736441  1362488  1188726  770042  675928  782092  1019558  1295358  1142991  1203025  525974  782324  1468632  754833  920751  1005357  963190  792880  
673410  421715  539335  813027  500300  301086  263567  1537869  607081  1556657  232220  245084  196681  483064  452021  137927  512498  592855  333552  793137  611603  693327  385919  607081  390181  377295  551200  227482  211623  390181  465608  183362  198963  676459  952238  234838  248127  172409  586203  633654  643161  620698  462837  412214  584057  156502  156929  921445  594140  97748  
1125473  501396  763358  1125755  813027  797763  803104  1248760  966394  1399833  724707  790148  805070  1111058  349137  952645  949596  1514015  922579  1231304  1175051  1379968  721634  959745  571616  649200  1142991  790890  732125  580185  963174  1033200  733365  1345025  1188726  791917  703806  766478  991231  1288922  1142991  1203025  553829  778007  1487238  754833  942496  1005357  902850  814625  
906673  668707  803028  1324969  828292  813027  814625  1398573  1153014  1429374  527832  184280  922579  1054439  676165  1203025  1042119  899217  839724  1140705  860927  933894  669752  1042119  541554  559063  1345025  853724  602483  582266  835907  1295358  407857  1005936  1380090  667706  514997  501674  1234369  899632  1057454  855172  721635  835165  894717  680157  1099494  1187981  848048  795889  
853126  661111  804124  1362488  822951  811430  813027  1419170  1183719  1488128  582266  551200  1142991  901348  682887  1213841  1153959  852532  763358  1084602  862082  892690  662881  1208764  567632  650962  1057454  540154  610134  611124  835165  1345025  514997  975721  1389775  680568  489493  572009  1377544  865042  1067139  899632  682887  829783  835907  667706  1160447  1260919  820491  817721  
399866  263741  367091  88186  377295  227482  206885  813027  462102  1328880  168147  196681  137927  412214  236482  88186  215683  465608  37651  333552  437329  412214  156502  462102  172409  226222  20499  137927  97748  156502  377295  28326  109393  485052  12698  69421  188023  125007  558916  385919  37651  234838  280480  245084  437329  81066  137927  602656  399866  81066  
672098  620698  666310  1018974  659661  473041  442336  1163953  813027  1230260  457980  438074  248511  811430  605350  694461  437329  820985  611124  865042  721344  821530  576215  570947  595665  558891  721635  333552  502635  579527  655947  662881  391686  848048  1005936  548247  456748  266113  707424  667722  823134  682887  650962  594140  729171  443881  514997  1588536  676459  489493  
330147  188023  263741  69398  226222  196681  137927  297175  395795  813027  109393  196681  133665  263567  156502  88186  137927  377295  28326  20499  357406  350753  69421  405999  168147  188023  12698  137927  69421  109393  236426  32170  109393  255621  4361  69421  125007  125007  485350  211623  12698  143546  156502  227482  317943  63914  92448  500582  248127  63914  
976855  893930  901259  1393835  901348  1098223  1043789  1457908  1168075  1516662  813027  1065588  1030390  1417414  852532  1240136  1158307  1045870  1389775  1488128  933894  1347313  975721  1123420  847355  904421  1438032  1066992  1295358  835165  989368  1362314  904420  1288799  1457908  1380090  938480  975093  1225576  1147926  1429374  1239058  950127  1138561  998336  1086720  1164946  1234369  922249  1174034  
938345  775674  894717  1380971  835907  1441775  1074855  1429374  1187981  1429374  560467  813027  1041998  1059763  682887  1240102  1098652  922249  945588  1389775  906496  1054439  704610  1164946  611124  672098  1380090  968246  667706  607262  843963  1345025  544305  1125473  1398573  793434  541554  852426  1359942  951742  1389775  985339  860883  901348  906635  726055  1177910  1208764  871131  1203025  
835907  683559  820985  1429374  820985  703476  483064  1488128  1377544  1492390  595665  584057  813027  870063  676459  1398573  1119269  871222  751917  1079183  835165  856013  606497  1291870  620698  673410  1125473  437329  576215  620698  811430  1028659  538390  942034  1488128  567632  583936  400023  1278232  853126  1023399  906673  676459  749623  843963  548247  1370434  1429699  835165  652732  
690717  171445  527832  1142991  514997  571616  724707  1213841  814625  1362488  208641  566292  755992  813027  347823  922579  754833  708800  540154  1146922  652732  820491  393526  814625  212116  84204  1051177  724707  403942  212116  171445  922579  278742  853774  1203025  487494  157423  636687  805070  667706  1055108  687575  506786  136019  620097  387617  805967  952645  560467  721634  
1271912  903253  1045870  1174034  1276918  949890  943168  1389573  1020705  1469553  773523  943168  949596  1278232  813027  1042119  1019558  1394991  1033200  1399833  1068332  1413939  922579  1000916  673817  921445  1188726  942195  754833  675928  1180374  1153014  790148  1429374  1295908  814625  719382  798717  1066992  1488128  1298427  1389775  1152829  984139  1347313  805070  1005357  1038191  1124659  942496  
820985  594140  673410  1488128  673410  423030  412214  1537869  931594  1537869  385919  385953  227482  703476  583936  813027  678017  811430  575067  952238  775373  758281  549206  887717  462837  500300  878346  254769  417291  462837  592855  739082  390181  857820  1256210  456748  399866  236482  900961  693922  906673  661111  645743  535219  811430  294872  662865  1061391  683559  255558  
775674  650962  672098  1113557  676459  583936  472096  1410372  1188726  1488128  467748  527403  506786  871222  606497  948038  813027  835165  652732  1005936  799916  859577  611124  1240136  596812  605350  902850  248511  498062  576215  729171  811036  443881  865042  1084602  541554  519787  334185  1413939  756234  864857  751917  615066  655947  827338  523952  806038  1370434  661111  610134  
715384  182309  157423  1033200  112040  726838  773523  1160447  805070  1248760  580185  703806  754833  917255  231064  814625  790890  813027  791917  1142991  530765  973323  636687  805070  270173  501396  922579  752428  612820  270173  480987  867774  571616  1203025  1090836  636687  557723  724707  932133  666021  932728  904581  335244  675928  212116  724707  804525  920751  379633  770042  
871222  483064  758281  1292503  703476  786331  862697  1588404  1014931  1597729  236280  680467  874138  1085901  592855  1050988  973323  834138  813027  1562141  820088  829413  421715  1073685  412214  423030  1469553  770883  196681  394751  703476  1208764  236280  1192368  1541263  196681  281030  620119  998319  852532  1544989  955135  657809  820017  820088  546872  1058423  1136562  811430  749680  
465608  245084  385953  832918  394751  485350  541453  1292503  761013  1605556  137927  236280  546872  479133  226222  673817  620119  483064  63914  813027  483064  423030  109393  733177  196681  227482  451004  462102  125007  188023  281030  507019  137927  594140  959745  96680  196681  137927  770883  399866  23833  211623  263741  263428  483064  88186  684512  874138  377295  337256  
892254  509739  333840  1014452  451004  765128  763973  1188726  904711  1268649  692161  719559  790890  973323  557723  850682  826139  1095290  805967  1142991  813027  1001741  668604  949596  501396  616315  1033200  782321  724707  557723  684512  814625  703806  1213841  1108292  732125  662035  759473  972513  1041028  1024542  922579  331115  711964  862697  740783  805070  959745  278742  754833  
666043  133444  380021  932728  246087  692161  733365  1213841  804525  1275302  278742  571616  770042  805564  212116  867774  766478  652732  796642  1203025  624314  813027  425687  805070  157423  136019  974734  724707  349137  157423  84204  922579  331115  887555  1142991  409362  270173  612820  805070  680157  1051177  726055  404437  557723  527832  636687  814625  942496  544305  777737  
942552  707424  870063  1240136  904421  956303  963174  1469553  1049840  1556634  650334  921445  1019558  1232529  703476  1076849  1014931  989368  1204340  1516662  957451  1200368  813027  1066992  368216  889851  1389573  917255  693959  281030  1085901  1187981  691776  1548856  1469553  920751  662865  851354  1084501  1248471  1457908  1537869  871222  954669  989368  821931  1000916  1123420  901348  959745  
675291  605350  666310  1018974  666310  583936  417291  1163953  1055108  1220056  502635  461109  334185  811430  625139  738338  385919  820985  552370  892878  676459  820985  559063  813027  551200  620698  704610  266113  467748  530603  645743  704610  374534  843731  972875  489493  457980  266113  703476  682887  735528  665735  634824  583936  721344  467748  602483  1370434  661111  523952  
1100702  1013235  1012229  1235874  1054439  1084501  1058423  1453646  1030390  1457908  778700  1014931  1005357  1413939  952238  1163218  1029243  1355882  1213841  1429374  1124659  1468632  1257839  1074855  813027  1054046  1352110  975093  867774  666021  1371124  1188726  790890  1488128  1399833  1142991  805564  896884  1158307  1230260  1398573  1410372  1007425  1142221  1068332  915237  1054208  1110814  1073351  1014452  
1007425  906673  992423  1248760  976855  1066992  975093  1399833  1067164  1438032  721634  953957  952645  1541851  704610  1125755  1020705  1124659  1203025  1398573  1009740  1490036  736204  1005357  572009  813027  1275302  896884  852426  633867  1355882  1153807  755992  1410372  1389629  1051177  732125  814625  1123420  1105199  1362488  1113557  923611  1111058  1048253  922579  1031915  1076849  952238  1024542  
638862  385953  526561  1074855  483064  281030  568601  1605556  904420  1613357  188023  245965  500582  574878  437329  747709  723205  703476  156502  1175051  592855  651321  236482  921445  273945  350753  813027  485350  188023  226222  483064  618630  196681  835165  1588404  168147  227482  137927  862697  673410  862082  645743  432531  368216  601513  137927  733177  963174  584057  137927  
894717  813158  843734  1398573  835165  772331  1085901  1488128  1292503  1488128  559063  657809  1188726  901348  683860  1371286  1377544  873627  855172  1163953  843734  901348  708800  1359942  650962  729171  1140705  813027  593082  634824  859577  1389775  559063  992873  1419170  662881  605350  560467  1519095  914091  1163953  924391  803028  841833  843963  652150  1295908  1390996  822951  945588  
922249  820088  893930  1414432  893930  1023572  1015921  1528307  1123420  1556634  330697  958349  1049840  1222113  871222  1208764  1127993  1013235  1429374  1501048  901348  1276918  932096  1158307  758281  773629  1438032  1032973  813027  811430  967623  1389573  662865  1288799  1469553  1389775  820017  970005  1151770  1103394  1496786  1288799  852532  1072226  901348  1005357  1106268  1251521  892690  1112675  
1088965  989368  1054439  1235874  1045870  1043789  1014931  1469553  1046528  1516662  790890  1018793  1005357  1413939  950127  1163218  1049840  1355882  1231304  1438032  1068332  1468632  1345025  1095452  960034  992188  1399833  991231  814625  813027  1276918  1214544  803104  1488128  1415447  1142991  874138  949596  1136562  1284537  1417435  1488128  992423  1119269  1068332  942496  1005357  1168075  1059898  1031915  
937661  212116  690717  1160447  662881  790148  790890  1248760  970108  1389629  636687  782092  814625  1454610  445681  1033200  896884  1145068  922579  1345025  941543  1541851  540154  980312  254931  270173  1142991  766478  658432  349137  813027  1090836  668604  1362627  1213841  852426  612820  746175  975093  1039852  1213841  990185  667706  768235  952238  777737  942496  980312  731961  867774  
775373  465608  647660  1442693  592855  330697  281030  1597729  963174  1593885  263741  281030  597396  703476  473041  886973  815019  758281  417291  1119036  811430  703476  438074  921445  437329  472248  1007425  236280  236482  411511  535219  813027  226222  835907  1562141  276218  283630  227482  898533  729171  960039  721344  594140  423030  749623  188023  770877  1032973  638862  137927  
976855  871222  889614  1427092  892690  1218198  1111058  1516662  1234369  1516662  721635  1081750  1087665  1347313  835907  1235874  1182174  1054439  1389775  1488128  922249  1294940  934279  1251521  835165  870063  1429374  1066992  963190  822951  957451  1399833  813027  1284537  1438032  1057454  703476  984574  1291870  1087188  1488128  1135677  902135  1200368  942552  1142991  1208764  1234369  906635  1248760  
412214  236280  263567  949596  281030  620119  650334  1141003  778007  1370434  337256  500582  684021  772281  196681  768235  761013  423030  433687  1031915  412214  738500  77199  782324  137927  215683  790890  633182  337256  137927  263428  790148  341518  813027  980312  310131  386997  491189  904420  188023  790890  23833  196681  558916  412214  459341  732217  943168  263567  633632  
539335  377295  437329  673817  437329  245965  236280  1613357  620119  1621694  168147  227482  137927  423030  330147  369845  541453  535219  84792  666310  517763  483064  156502  653180  226222  236426  37651  206885  156502  210608  412214  63914  188023  645743  813027  97748  208620  137927  607081  517642  385707  438074  390181  263567  465608  109393  462102  822213  432531  125007  
892690  703476  856013  1391217  834138  958349  945487  1556634  1077808  1556634  245965  832621  1058423  1138561  811430  1169307  1084501  989368  1429374  1529375  893930  1216693  705304  1136562  483064  574878  1457908  963174  236280  483064  773629  1349837  568601  1315924  1528307  813027  337133  802921  1061391  1017567  1501048  1175051  871222  938480  870063  778007  1071585  1182174  871222  975093  
1005379  866582  950127  1377928  922249  1111058  1136562  1438032  1169307  1501048  687575  1084501  1042119  1468632  906673  1226189  1106268  1068332  1345025  1429374  964020  1355882  963190  1168075  820491  893930  1398573  1020705  806038  751917  1013235  1342425  922579  1239058  1417435  1288922  813027  1014452  1248468  1089387  1398573  1163953  942034  1362609  933894  1142991  1178296  1226032  995847  1151649  
899217  829783  843963  1453646  859577  1124381  1054046  1501048  1359942  1501048  650962  773629  1226032  989368  827338  1389573  1291870  901348  1005936  1488128  866582  1013235  774701  1359942  729171  811430  1488128  1065588  656050  676459  879880  1398573  641481  1134866  1488128  823134  611603  813027  1283807  952238  1239058  997221  822951  848318  885272  763358  1292503  1359942  852532  1362488  
682887  576215  606497  1039852  634824  391686  248511  1067139  918631  1140705  400479  266113  347823  820985  559063  725094  212116  693922  627736  855172  653542  820985  541554  922579  467748  502635  763358  106960  474285  489493  650962  727522  334185  721635  1018974  564664  377587  342248  813027  708800  763358  662881  567632  595665  661111  514997  680157  1151649  615066  588303  
703476  485350  330697  992401  337133  726423  761013  1240136  958333  1414432  478129  674313  772929  958349  137927  932133  869821  960034  773523  1226189  585027  945898  377584  943168  395795  520856  952645  711964  522661  341518  586203  896884  538867  1438032  1108413  608488  536668  673817  917255  813027  1031915  814625  196681  709155  570947  642430  850381  1019558  412214  757513  
592855  301086  483064  982894  483064  568601  558916  1588404  802921  1613357  196681  236280  602656  570947  327628  719382  761198  693327  81066  1602222  601513  574878  168147  890527  227482  263567  763973  462102  129269  208620  412214  666016  137927  835165  1240348  125007  227482  386997  862697  594140  813027  462837  377295  281030  483064  137927  761013  917255  465608  341518  
703476  281030  423030  1005357  423030  770883  726423  1391217  943168  1482509  386997  640716  719382  938480  236280  964944  874138  721474  670920  1414432  703476  900000  88186  960320  215683  512498  980312  701664  337256  137927  635870  904711  490378  1602222  1187981  451004  462102  628834  963174  811430  1163218  813027  254769  662865  585027  673817  914841  1037826  483064  728182  
1240400  709155  1100081  1163218  1072226  904420  943168  1345575  975093  1469553  675928  765172  949596  1119269  473226  980312  1010989  1290811  968246  1362314  1294940  1221618  754833  991231  618630  702444  1193524  823027  773523  633632  958349  1031915  723920  1429374  1235874  754833  684021  803104  1058423  1429374  1248760  1371286  813027  935338  1276918  790890  959745  1022661  1045870  805070  
865042  593082  843731  1213841  848048  790890  796272  1380971  1031915  1398573  487494  724707  876432  1490036  641916  1090836  970108  950127  806038  1362627  914091  1068332  671386  1042119  483834  514997  1257839  784222  553829  506786  857820  1203025  425687  1067139  1362488  687575  263446  777737  1030390  916900  1345025  963190  690717  813027  940433  852426  1033200  1042119  843731  922579  
839724  501396  157423  1041998  138817  731338  790148  1188726  896884  1308112  627719  719420  782092  1005958  278742  814625  798717  1413939  805967  1142991  763358  1098223  636687  904711  557723  577802  1024542  782092  724707  557723  673817  876432  683503  1213841  1160447  755992  692161  740783  964944  1055108  1142991  1041028  349137  685622  813027  732125  828937  988139  445681  778700  
866582  811430  871222  1469553  871222  945898  958349  1544989  1182174  1562141  539335  900000  1077808  1238438  820985  1331183  1102103  901348  1079183  1537869  885272  989368  804124  1158307  710818  703476  1488128  973905  620698  683559  848318  1438032  483064  1166714  1516662  848048  483064  862697  1111058  983625  1488128  952238  835165  773629  893930  813027  1234369  1359942  859577  1295908  
813158  655947  705304  1469126  683559  526561  465608  1488128  1111058  1533607  461109  448145  255621  820088  620698  963190  820017  821530  567632  941543  820985  811430  625139  1023572  571847  594140  892878  330147  519787  620698  683559  855178  417291  893838  1163953  554470  447759  333552  945898  775674  865042  711214  666310  592855  797118  391686  813027  1377544  729171  467748  
661111  611013  620698  704610  620698  438074  365136  1023399  37519  1125473  391686  417291  196356  673410  587864  564664  255621  705304  489493  751917  666310  683559  502635  255621  515241  549206  662881  235059  374534  457980  645743  593082  391686  682887  803842  443881  400023  266113  474406  606497  708800  588229  603394  583936  637916  266113  248511  813027  650962  327920  
1288799  618630  662865  1031915  723205  778007  805564  1226189  949596  1377928  703806  754924  790890  1065588  501396  942496  964944  1246422  814625  1248760  1347313  1081750  724707  964944  552704  673817  1041998  803104  733365  566157  894094  987193  719420  1362488  1193524  754833  630208  773523  1010989  1213841  1160447  1142991  580185  782324  1180374  766478  896884  975093  813027  782092  
843963  749623  833175  1528307  811430  830166  808334  1544989  1136562  1562141  452021  423030  973323  904421  683559  1370497  1015921  856013  876375  1288799  871222  848318  666310  1102103  611603  601513  1488128  680467  513380  594140  758281  1488128  377295  992423  1501048  650962  474406  263567  1037752  868542  1284537  897873  820985  703476  847355  330147  1158307  1298135  843963  813027  
